x = [800,900,950,975,1000,1025